%YAML:1.0
image_width: 640
image_height: 480
camera_matrix: !!opencv-matrix
   rows: 3
   cols: 3
   dt: d
   data: [ 617.0274658203125, 0., 305.1712341308594, 0.,
       617.0275268554688, 232.5185089111328, 0., 0., 1. ]
distortion_coefficients: !!opencv-matrix
   rows: 1
   cols: 5
   dt: d
   data: [ 0,0,0,0,0 ]
